00000000101000010000000100010011
00000000010100010000000010110011
01000000001100001000000100110011
00000000010100000000000010010011
00000000000000000000000000010011
00000000000000000000000000010011
00000000010100010111011000110011
00000000001000110110011010110011
00000000001000010000011100110011
00000110111100010010001000100011
00000000101001010000010100010011
00000000101001011000010110010011
00000000101001100000011000010011
00000000101101010000010001100011
00000000101001011000011000110011
00000000101001100000011010110011
